MMM
    6.09
    1.03
    1.84
    0.17
   -5.54
    6.15
    1.82
    1.50
   -0.19
   -5.22
    3.82
    2.09
    8.29
    3.43
    2.22
   -1.51
    5.31
   -0.83
    7.39
   -3.28
    5.13
    5.39
    6.09
    5.05
   -8.60
    5.10
    0.69
    2.53
    2.49
    0.48
   -1.64
    2.21
   -1.61
    8.53
    4.11
    2.64
   -1.23
    3.91
   -2.19
   -5.19
    1.72
   -3.00
   -1.92
   -6.08
   -0.26
   10.89
   -0.40
   -3.79
    0.24
    3.89
    6.22
    0.45
    0.56
    4.04
    1.85
    0.49
   -1.68
   -6.20
    3.90
    3.98
AXP
    6.30
    5.48
    9.40
    4.06
   -7.27
    4.26
   -0.86
    1.02
   -2.47
   -1.57
   -0.13
    2.83
    2.31
    5.68
    8.54
    1.41
   10.67
   -1.25
   -1.32
   -2.52
    5.02
    8.32
    4.89
    5.75
   -6.29
    7.36
   -1.37
   -2.89
    4.66
    3.68
   -7.24
    1.76
   -2.24
    2.75
    2.75
    0.67
  -13.27
    1.12
   -4.25
   -0.86
    2.93
   -2.51
   -2.14
    0.87
   -3.38
   -1.17
   -2.21
   -2.92
  -23.08
    3.89
   10.47
    6.56
    0.50
   -7.60
    6.09
    1.74
   -2.35
    3.72
    8.46
    2.83
AAPL
   12.70
   18.83
   10.53
   -2.59
   -1.08
    1.09
    4.58
    8.92
    0.28
  -10.76
   -1.69
   -9.08
  -14.40
   -3.09
    0.29
    0.02
    1.58
  -11.83
   14.12
    7.66
   -2.14
    9.63
    6.39
    0.89
  -10.78
    5.13
    2.00
    9.94
    7.27
    2.76
    2.87
    7.22
   -1.71
    7.20
   10.12
   -7.19
    6.14
    9.64
   -3.14
    0.58
    4.10
   -3.73
   -3.28
   -7.04
   -2.18
    8.34
   -1.00
  -11.02
   -7.52
   -0.67
   12.72
  -13.99
    6.53
   -4.27
    9.01
    1.81
    6.55
    0.43
   -2.66
    4.80
BA
    1.13
    1.04
   -0.77
    3.27
   -9.36
    6.74
   -0.52
   -3.40
   -2.54
    1.22
    5.45
    1.45
   -1.98
    4.10
   11.64
    6.48
    8.33
    3.45
    2.60
   -1.12
   13.07
   11.06
    2.87
    1.67
   -8.23
    2.92
   -2.66
    2.81
    4.83
   -5.93
   -5.31
    5.25
    0.46
   -1.94
    7.57
   -3.26
   11.84
    3.77
   -0.51
   -4.49
   -1.97
   -1.28
    3.93
   -9.36
    0.21
   13.07
   -1.77
   -0.59
  -16.92
   -1.62
    7.41
    6.19
   -6.42
    2.95
    2.92
   -3.15
    1.77
    8.11
    5.71
    3.40
CAT
   20.44
    4.66
   -6.73
   -3.52
  -14.74
   -3.09
   -0.82
    1.33
    0.83
   -1.43
    0.51
    5.13
    9.80
   -6.12
   -5.85
   -2.64
    1.33
   -3.86
    0.51
   -0.45
    1.04
   -0.05
    1.49
    7.34
    3.41
    3.26
    2.47
    6.07
   -3.01
    6.30
   -7.29
    8.26
   -9.21
    2.40
   -0.80
   -9.02
  -12.63
    3.66
   -3.46
    8.56
   -1.80
   -0.59
   -7.30
   -2.79
  -14.50
   11.67
   -0.47
   -6.46
   -8.42
    8.77
   13.06
    1.54
   -6.70
    4.55
    9.17
   -0.98
    8.32
   -5.98
   14.50
   -2.95
CVX
   -3.08
    5.82
   -1.75
   -0.61
   -7.74
    7.31
    3.87
    2.35
    3.92
   -5.42
   -4.13
    2.32
    6.48
    1.74
    1.43
    2.68
    0.61
   -3.59
    6.38
   -4.34
    0.89
   -1.27
    2.07
    2.02
  -10.63
    3.31
    3.10
    5.56
   -2.17
    6.32
   -1.00
    0.16
   -7.83
    0.53
   -9.24
    3.04
   -8.60
    4.05
   -1.59
    5.79
   -7.26
   -6.34
   -8.28
   -8.47
   -2.61
   15.21
    0.48
   -1.49
   -3.88
   -3.50
   14.33
    7.11
   -1.15
    3.79
   -2.24
   -1.85
    2.33
    1.78
    6.50
    5.50
CSCO
    8.63
    1.22
    6.39
   -4.68
  -19.00
    5.14
   -7.11
   19.62
    0.05
  -10.21
   10.33
    3.91
    4.68
    1.41
    0.14
    0.14
   15.25
    0.95
    5.14
   -8.91
    0.51
   -3.71
   -5.81
    5.55
   -2.32
   -0.50
    2.80
    3.12
    6.53
    0.93
    1.53
   -0.95
    0.72
   -2.78
   12.95
    0.65
   -5.25
   11.95
   -6.74
    4.76
    1.66
   -6.31
    3.50
   -8.94
    1.43
    9.90
   -5.55
   -0.33
  -12.41
   10.05
    8.75
   -3.44
    5.67
   -1.24
    6.41
    2.98
    0.89
   -3.28
   -2.80
    1.34
KO
   -3.46
    3.44
    5.95
    3.11
   -2.07
    4.60
    3.35
   -7.43
    1.42
   -1.98
    1.99
   -4.40
    2.73
    3.97
    4.44
    4.67
   -5.53
    0.30
   -0.07
   -4.74
   -0.79
    4.46
    1.57
    2.79
   -8.45
    1.00
    1.20
    5.51
    0.29
    3.54
   -7.25
    6.18
    2.25
   -1.83
    7.04
   -5.82
   -2.49
    5.17
   -6.35
    0.02
    0.99
   -4.22
    4.72
   -4.28
    2.03
    5.56
    0.64
    0.80
   -0.09
    0.49
    7.56
   -3.43
   -0.45
    1.64
   -3.75
   -0.46
   -2.56
    0.19
   -4.83
    2.75
DD
   11.15
   -0.06
    4.02
    1.05
   -9.71
    4.78
   -1.73
    0.11
    1.04
  -11.43
   -3.10
    4.27
    5.50
    0.93
    2.64
   10.88
    2.36
   -5.91
    9.89
   -1.84
    3.42
    4.51
    0.29
    5.85
   -6.09
    9.20
    0.71
    0.33
    2.96
   -5.57
   -1.74
    2.80
    8.55
   -3.64
    3.26
    3.55
   -3.69
    9.31
   -8.19
    2.43
   -2.99
   -9.95
   -8.21
   -7.64
   -6.41
   31.54
    6.21
   -1.10
  -20.78
   15.37
    4.02
    4.09
   -0.76
   -0.93
    6.74
    0.62
   -3.78
    2.72
    7.01
   -0.29
XOM
   -1.20
    3.30
    0.27
   -0.45
   -8.93
    8.83
    1.50
    0.52
    4.75
   -0.31
   -3.32
   -1.80
    3.95
   -0.47
    0.63
   -1.24
    1.66
   -0.13
    3.76
   -7.03
   -1.28
    4.16
    4.31
    8.26
   -8.93
    4.46
    1.46
    4.84
   -1.84
    0.15
   -1.73
    0.53
   -5.44
    2.83
   -6.38
    2.11
   -5.44
    1.28
   -4.00
    2.79
   -2.48
   -2.35
   -4.80
   -5.01
   -1.18
   11.28
   -1.31
   -4.54
   -0.13
    2.95
    4.29
    5.75
    0.70
    5.30
   -5.11
   -2.03
    0.16
   -4.54
    4.78
    3.39
GE
    4.47
    1.82
    5.35
   -2.44
   -2.50
    9.17
   -0.43
   -0.19
    9.66
   -7.27
    0.33
   -0.66
    6.15
    4.22
   -0.43
   -3.59
    4.62
   -0.56
    5.09
   -5.05
    3.24
    9.42
    1.99
    5.14
  -10.35
    1.35
    1.65
    3.86
   -0.37
   -1.90
   -4.30
    3.30
   -1.39
    0.74
    2.63
   -4.61
   -5.46
    8.79
   -4.54
    9.15
    0.70
   -2.57
   -1.77
   -4.90
    1.61
   14.67
    3.53
    4.04
   -6.58
    0.14
    9.09
   -3.27
   -1.69
    4.13
   -1.08
    0.32
   -5.19
   -1.76
    5.70
    2.73
GS
   23.27
    3.29
    8.02
   -7.41
  -16.89
    0.17
    5.26
    4.78
    7.53
    7.66
   -3.76
    8.29
   15.91
    1.28
   -1.74
   -0.73
   10.96
   -6.68
    8.45
   -7.25
    4.00
    1.67
    5.02
    4.92
   -7.41
    1.42
   -1.56
   -2.46
   -0.01
    4.77
    3.24
    3.61
    2.49
    3.50
   -0.83
    2.88
  -11.05
   10.08
   -0.96
    4.50
    4.97
    1.26
   -1.78
   -8.03
   -7.87
    7.91
    1.34
   -5.15
  -10.36
   -7.45
    4.98
    4.54
   -2.82
   -6.83
    6.89
    6.71
   -4.83
   10.52
   23.03
    9.19
HD
    5.59
    7.16
    5.76
    2.94
   -4.73
    7.40
   -1.53
    8.76
    6.38
    1.67
    6.01
   -4.95
    8.20
    2.36
    1.87
    5.12
    7.24
   -1.51
    2.01
   -5.74
    1.83
    2.69
    3.57
    2.07
   -6.67
    6.74
   -3.54
    0.48
    0.91
    0.91
   -0.14
   15.65
   -1.88
    6.30
    1.93
    5.60
   -0.52
    9.89
   -0.99
   -5.84
    4.15
   -0.26
    5.31
   -0.49
   -0.83
    7.06
    8.28
   -1.22
   -4.91
   -1.30
    7.50
    0.34
   -1.32
   -3.35
    8.26
   -2.98
   -4.06
   -5.18
    6.06
    3.62
IBM
    4.74
    2.14
    6.06
   -0.75
   -6.85
    1.39
    0.20
   -0.58
    6.47
   -6.23
   -2.29
    0.78
    6.01
   -1.10
    6.21
   -5.04
    2.71
   -8.13
    2.06
   -6.55
    1.60
   -3.22
    0.26
    4.39
   -5.81
    4.81
    3.95
    2.07
   -6.16
   -1.68
    5.74
    0.33
   -1.28
  -13.40
   -1.36
   -1.07
   -4.44
    5.63
   -0.89
    6.72
   -0.96
   -4.12
   -0.41
   -8.70
   -1.97
   -3.37
   -0.47
   -1.29
   -9.32
    5.00
   15.58
   -3.64
    5.34
   -1.27
    5.82
   -1.08
   -0.02
   -3.25
    5.55
    2.32
INTC
    8.95
    1.74
    4.58
    1.00
   -8.98
    3.13
   -3.56
   -3.39
   -8.74
   -4.55
   -9.52
    5.37
    2.04
   -0.76
    4.60
    9.66
    1.38
   -0.21
   -3.67
   -5.83
    4.28
    6.76
   -2.57
    8.85
   -5.43
    0.90
    4.24
    3.41
    2.36
   13.10
    9.68
    3.04
   -0.29
   -2.33
    9.53
   -2.58
   -8.96
    0.64
   -5.95
    4.09
    5.87
  -11.75
   -4.80
   -1.42
    5.61
   12.34
    2.69
   -0.92
   -9.96
   -4.61
    9.33
   -6.40
    4.33
    3.83
    6.28
    2.95
    5.18
   -7.63
   -0.49
    4.52
JNJ
    0.50
   -1.26
    1.35
   -1.30
   -4.10
    8.22
    2.46
   -2.59
    2.19
    2.77
   -1.54
    0.53
    5.45
    2.96
    7.12
    4.54
   -1.23
    2.00
    8.90
   -7.58
    0.32
    6.83
    2.21
   -3.24
   -3.41
    4.13
    6.63
    3.12
    0.17
    3.11
   -4.33
    3.64
    2.76
    1.12
    0.44
   -3.40
   -4.24
    2.37
   -1.86
   -1.39
    0.95
   -2.68
    2.82
   -6.22
   -0.67
    8.23
    0.21
    1.46
    1.67
    0.74
    2.84
    3.59
    0.54
    7.64
    3.24
   -4.70
   -1.01
   -1.81
   -4.04
    3.51
JPM
   12.18
    5.20
   17.18
   -6.52
  -22.87
    7.78
    0.76
    3.17
    8.99
    2.96
   -1.44
    7.04
    7.00
    3.97
   -2.98
    3.27
   11.39
   -3.30
    5.57
   -9.33
    2.30
   -0.29
   11.02
    2.20
   -5.34
    2.64
    6.85
   -7.79
   -0.73
    3.69
    0.09
    3.09
    1.33
    0.40
   -0.53
    4.02
  -13.10
   12.69
   -1.14
    4.42
    3.98
    3.01
    1.14
   -6.46
   -4.88
    5.38
    3.78
   -0.97
   -9.89
   -5.38
    5.19
    6.72
    3.28
   -4.80
    2.94
    5.52
   -1.35
    4.01
   15.75
    7.63
MCD
   -1.28
    0.23
   -1.19
   -0.66
   -8.32
   -0.91
    0.94
    0.15
    2.53
   -5.40
    0.28
    1.34
    8.03
    0.64
    3.95
    2.46
   -5.45
    2.52
   -0.93
   -3.79
    1.96
    0.32
    0.88
   -0.35
   -2.95
    1.04
    3.03
    3.42
    0.05
   -0.68
   -6.13
   -0.89
    1.16
   -1.14
    3.29
   -3.21
   -1.34
    6.99
   -1.48
   -0.91
   -0.64
   -0.90
    5.04
   -4.85
    3.69
   13.92
    1.70
    3.49
    4.77
   -5.32
    7.24
    0.64
   -3.50
   -1.41
   -2.24
   -1.69
   -0.26
   -2.42
    5.95
    2.05
MRK
    1.51
   -0.26
    0.60
    2.19
   -4.23
   11.10
    5.80
   -2.54
    4.74
    1.20
   -2.91
   -7.58
    5.64
   -1.20
    3.44
    6.33
   -0.64
   -0.54
    3.70
   -1.83
    0.68
   -5.29
   10.51
    0.44
    5.83
    7.59
   -0.39
    3.15
   -1.20
   -0.02
   -1.92
    5.94
   -1.38
   -2.26
    4.25
   -5.98
    6.15
   -2.89
   -1.81
    3.62
    2.23
   -6.50
    3.57
   -8.67
   -8.28
   10.67
   -3.02
   -0.36
   -4.07
   -0.91
    5.38
    3.65
    2.59
    2.40
    1.82
    7.04
   -0.61
   -5.91
    4.21
   -3.79
MSFT
   13.75
    7.48
    1.64
   -0.74
   -8.84
    4.80
   -3.66
    4.58
   -3.44
   -4.10
   -6.76
    0.38
    2.77
    1.28
    2.91
   15.69
    5.44
   -1.00
   -7.84
    4.90
   -0.36
    6.40
    7.68
   -1.89
    1.15
    1.24
    7.00
   -1.44
    1.34
    1.86
    3.50
    5.26
    2.05
    1.27
    1.83
   -2.84
  -13.02
    8.54
   -7.27
   19.63
   -3.66
   -5.78
    5.78
   -6.81
    1.70
   18.93
    3.25
    2.08
   -0.70
   -7.64
    8.55
   -9.70
    6.28
   -3.45
   10.77
    1.38
    0.24
    4.03
    0.57
    3.12
NKE
    7.93
    3.77
    0.48
    3.17
   -3.29
  -18.85
    6.33
    4.28
   -2.51
   -3.75
    6.70
    5.87
    4.73
    0.78
    8.34
    7.80
   -3.05
    3.28
   -1.19
   -0.16
   15.63
    4.30
    4.46
   -0.63
   -7.38
    7.50
   -5.67
   -1.22
    5.40
    0.83
   -0.54
    1.84
   13.57
    4.22
    6.82
   -3.16
   -4.08
    5.29
    3.29
   -1.48
    2.87
    6.24
    6.67
   -3.00
   10.02
    6.57
    0.95
   -5.50
   -0.78
   -0.68
   -0.19
   -4.12
   -6.31
   -0.04
    0.54
    3.86
   -8.66
   -4.69
   -0.22
    1.52
PFE
   -1.11
   -1.31
    7.20
    1.15
   -4.50
    5.17
    4.52
   -0.75
    4.15
    0.08
    0.60
    0.24
    8.77
    0.33
    5.44
    0.73
   -6.33
    2.86
    4.36
   -3.49
    1.84
    6.79
    3.42
   -3.47
   -0.75
    5.63
    0.03
   -2.62
   -5.27
    0.17
   -3.30
    2.40
    0.61
    1.29
    4.01
    0.00
    0.32
    9.82
    1.37
   -2.47
    2.42
   -3.51
    7.55
  -10.65
   -2.51
    7.67
   -3.10
   -1.50
   -5.55
   -2.69
   -0.10
   10.36
    6.08
    1.47
    4.77
   -5.67
   -2.67
   -6.38
    1.36
    1.06
PG
   -5.50
    7.27
   -0.61
   -5.31
   -2.12
   -1.67
    5.37
    4.11
    3.23
   -0.17
    0.85
   -2.78
   10.71
    1.36
    1.16
   -0.38
   -0.01
    0.30
    4.30
   -3.00
   -2.95
    6.83
    4.30
   -3.34
   -5.88
    2.66
    2.47
    2.42
   -2.13
   -2.72
   -1.62
    7.49
    0.76
    4.22
    3.62
    0.73
   -7.47
    1.00
   -3.75
   -2.97
   -1.41
   -0.19
   -1.97
   -7.86
    1.80
    6.17
   -2.02
    6.11
    2.87
   -1.71
    2.52
   -2.66
    1.15
    4.48
    1.09
    2.01
    2.79
   -3.29
   -5.00
    1.96
TRV
   -1.47
   -0.57
    2.12
    8.65
   -2.85
    2.16
   -1.86
    3.34
    5.44
    3.93
   -0.17
    1.41
    9.25
    2.50
    4.69
    1.45
   -1.98
   -4.54
    4.54
   -4.37
    6.10
    1.80
    5.14
   -0.22
  -10.23
    3.15
    1.50
    6.44
    3.17
    0.66
   -4.79
    5.75
   -0.81
    7.30
    3.62
    1.34
   -2.86
    4.49
    0.64
   -6.49
    0.01
   -4.41
    9.79
   -6.19
   -0.02
   13.42
    1.49
   -1.49
   -5.16
    0.45
    8.55
   -5.83
    3.86
    4.29
   -2.37
    2.14
   -3.50
   -5.56
    4.78
    8.00
UNH
    2.19
    7.65
    5.72
   -4.73
   -0.68
    4.90
  -12.67
    6.28
    2.04
    1.06
   -2.88
   -0.28
    1.79
   -3.19
    7.03
    4.75
    4.51
    4.55
   11.26
   -1.52
   -0.18
   -4.68
    9.11
    1.10
   -4.01
    6.90
    6.11
   -8.48
    6.12
    2.66
   -0.86
    6.95
   -0.50
   10.16
    3.81
    2.49
    5.10
    6.95
    4.10
   -5.82
    7.91
    1.49
   -0.49
   -4.70
    0.27
    1.53
   -4.30
    4.37
   -2.11
    3.42
    8.23
    2.16
    1.51
    5.63
    1.42
   -4.99
    2.90
    0.95
   12.02
    1.09
UTX
    7.20
    7.05
   -1.11
   -1.57
   -9.22
    1.92
   -1.44
    7.27
   -1.95
   -0.17
    2.49
    2.37
    6.78
    3.40
    3.18
   -2.29
    3.95
   -2.07
   13.59
   -5.18
    7.71
   -1.46
    4.34
    2.65
    0.19
    2.63
   -0.15
    1.28
   -1.78
   -0.66
   -8.92
    2.69
   -2.20
    1.33
    2.88
    4.47
   -0.19
    6.21
   -3.86
   -2.94
    3.01
   -5.33
   -9.57
   -8.67
   -2.86
   10.59
   -2.40
    0.02
   -8.72
   10.18
    3.60
    4.27
   -3.63
    1.96
    4.97
   -1.13
   -4.54
    0.59
    5.40
    1.76
VZ
   -6.13
    1.19
    0.31
    5.62
    3.12
    6.72
    1.58
   -4.87
    6.12
   -2.04
   -1.16
   -1.93
    0.79
    6.70
    5.63
    9.68
  -10.07
    3.84
   -1.71
   -4.24
   -1.50
    8.23
   -1.76
   -0.97
   -2.28
   -0.92
   -0.02
   -1.77
    6.91
   -2.06
    3.05
   -1.19
    0.34
    0.52
    0.68
   -7.53
   -2.29
    8.18
   -1.66
    3.72
   -1.98
   -5.72
    0.39
   -1.67
   -5.43
    7.75
   -3.05
    1.69
    8.11
    1.52
    6.60
   -5.81
   -0.08
    9.71
   -0.77
   -5.56
   -0.67
   -7.46
    3.74
    6.97
V
   -0.87
   15.62
    1.41
    4.24
   -6.34
    7.33
    4.40
   -0.65
    4.71
    3.34
    7.90
    1.26
    4.17
    0.46
    7.06
   -0.80
    5.72
    2.60
   -3.15
   -1.47
    9.56
    2.93
    3.46
    9.44
   -3.25
    4.86
   -4.44
   -6.15
    6.04
   -1.92
    0.13
    0.72
    0.40
   13.16
    6.94
    1.55
   -2.78
    6.43
   -3.57
    0.98
    3.98
   -2.23
   12.20
   -5.36
   -2.30
   11.37
    1.84
   -1.85
   -3.95
   -2.82
    5.65
    0.99
    2.20
   -6.04
    5.23
    3.65
    2.22
   -0.23
   -6.29
    0.91
WMT
    2.68
   -3.72
    3.59
   -3.74
   11.73
    5.93
    6.76
   -2.46
    1.65
    1.65
   -4.00
   -5.26
    2.52
    1.19
    5.72
    3.86
   -3.71
   -0.47
    4.63
   -6.36
    1.34
    3.77
    5.55
   -2.86
   -5.10
    0.03
    2.32
    4.29
   -3.69
   -2.21
   -1.98
    2.61
    1.28
   -0.26
   14.78
   -1.90
   -1.05
   -1.24
   -2.00
   -5.11
   -4.84
   -4.50
    1.48
  -10.07
    0.17
  -11.72
    2.80
    4.18
    8.25
   -0.03
    3.24
   -2.37
    5.85
    3.16
   -0.07
   -2.10
    0.95
   -2.91
    0.59
   -1.86
DIS
    3.73
    7.94
    4.26
   -1.53
    6.03
    6.10
    1.32
    0.67
    5.68
   -6.04
    1.10
    0.26
    8.21
    1.32
    4.05
   10.63
    0.38
    0.11
    2.38
   -5.91
    6.02
    6.36
    2.84
    8.31
   -4.96
   11.29
   -0.92
   -0.91
    5.89
    2.06
    0.16
    4.66
   -0.95
    2.64
    1.24
    1.82
   -3.43
   14.42
    0.78
    3.65
    1.52
    3.42
    5.13
  -15.10
    0.31
   11.29
   -0.24
   -7.39
   -8.81
   -0.31
    3.97
    3.98
   -3.91
   -1.41
   -1.91
   -1.55
   -1.69
   -0.18
    6.94
    5.15
